						84
					61		73
				27	58		64	12

						12
					61		73
				27	58		64	84
				
						73
					61		64
				27	58		12	84	


						95

					44		64
				30	19		20	11
						11

					44		64
				30	19		20	95

						64

					44		20
				30	19		11	95


						17
					55		52
				42	74

						17
					42		52
				55
					now [55, 42, 52, 17]
						52
					42		17
				55
					now [52, 42, 17]
						42
					17		52
						17
					42
--------------------------------------------------------------------------------------------------

						69
					49		62
				10	86

						62
					49		10
				69
						49
					10		62
				
						
				

						